head     1.1;
branch   1.1.1;
access   ;
symbols  firstrelease:1.1.1.1 naligner:1.1.1;
locks    ; strict;
comment  @# @;


1.1
date     2005.05.26.19.52.14;  author joannes;  state Exp;
branches 1.1.1.1;
next     ;

1.1.1.1
date     2005.05.26.19.52.14;  author joannes;  state Exp;
branches ;
next     ;


desc
@@



1.1
log
@Initial revision
@
text
@  A  R  N  B  D  C  Q  Z  E  G  H  I  L  K  M  F  P  S  T  W  Y  V  X  *
A  1 -10000 -10000 -10000 -10000 -10000 -10000 -10000 -10000 -10000 -10000 -10000 -10000 -10000 -10000 -10000 -10000 -10000 -10000 -10000 -10000 -10000 -10000 -10000
R -10000  1 -10000 -10000 -10000 -10000 -10000 -10000 -10000 -10000 -10000 -10000 -10000 -10000 -10000 -10000 -10000 -10000 -10000 -10000 -10000 -10000 -10000 -10000
N -10000 -10000  1 -10000 -10000 -10000 -10000 -10000 -10000 -10000 -10000 -10000 -10000 -10000 -10000 -10000 -10000 -10000 -10000 -10000 -10000 -10000 -10000 -10000
B -10000 -10000 -10000  1 -10000 -10000 -10000 -10000 -10000 -10000 -10000 -10000 -10000 -10000 -10000 -10000 -10000 -10000 -10000 -10000 -10000 -10000 -10000 -10000
D -10000 -10000 -10000 -10000  1 -10000 -10000 -10000 -10000 -10000 -10000 -10000 -10000 -10000 -10000 -10000 -10000 -10000 -10000 -10000 -10000 -10000 -10000 -10000
C -10000 -10000 -10000 -10000 -10000  1 -10000 -10000 -10000 -10000 -10000 -10000 -10000 -10000 -10000 -10000 -10000 -10000 -10000 -10000 -10000 -10000 -10000 -10000
Q -10000 -10000 -10000 -10000 -10000 -10000  1 -10000 -10000 -10000 -10000 -10000 -10000 -10000 -10000 -10000 -10000 -10000 -10000 -10000 -10000 -10000 -10000 -10000
Z -10000 -10000 -10000 -10000 -10000 -10000 -10000  1 -10000 -10000 -10000 -10000 -10000 -10000 -10000 -10000 -10000 -10000 -10000 -10000 -10000 -10000 -10000 -10000
E -10000 -10000 -10000 -10000 -10000 -10000 -10000 -10000  1 -10000 -10000 -10000 -10000 -10000 -10000 -10000 -10000 -10000 -10000 -10000 -10000 -10000 -10000 -10000
G -10000 -10000 -10000 -10000 -10000 -10000 -10000 -10000 -10000  1 -10000 -10000 -10000 -10000 -10000 -10000 -10000 -10000 -10000 -10000 -10000 -10000 -10000 -10000
H -10000 -10000 -10000 -10000 -10000 -10000 -10000 -10000 -10000 -10000  1 -10000 -10000 -10000 -10000 -10000 -10000 -10000 -10000 -10000 -10000 -10000 -10000 -10000
I -10000 -10000 -10000 -10000 -10000 -10000 -10000 -10000 -10000 -10000 -10000  1 -10000 -10000 -10000 -10000 -10000 -10000 -10000 -10000 -10000 -10000 -10000 -10000
L -10000 -10000 -10000 -10000 -10000 -10000 -10000 -10000 -10000 -10000 -10000 -10000  1 -10000 -10000 -10000 -10000 -10000 -10000 -10000 -10000 -10000 -10000 -10000
K -10000 -10000 -10000 -10000 -10000 -10000 -10000 -10000 -10000 -10000 -10000 -10000 -10000  1 -10000 -10000 -10000 -10000 -10000 -10000 -10000 -10000 -10000 -10000
M -10000 -10000 -10000 -10000 -10000 -10000 -10000 -10000 -10000 -10000 -10000 -10000 -10000 -10000  1 -10000 -10000 -10000 -10000 -10000 -10000 -10000 -10000 -10000
F -10000 -10000 -10000 -10000 -10000 -10000 -10000 -10000 -10000 -10000 -10000 -10000 -10000 -10000 -10000  1 -10000 -10000 -10000 -10000 -10000 -10000 -10000 -10000
P -10000 -10000 -10000 -10000 -10000 -10000 -10000 -10000 -10000 -10000 -10000 -10000 -10000 -10000 -10000 -10000  1 -10000 -10000 -10000 -10000 -10000 -10000 -10000
S -10000 -10000 -10000 -10000 -10000 -10000 -10000 -10000 -10000 -10000 -10000 -10000 -10000 -10000 -10000 -10000 -10000  1 -10000 -10000 -10000 -10000 -10000 -10000
T -10000 -10000 -10000 -10000 -10000 -10000 -10000 -10000 -10000 -10000 -10000 -10000 -10000 -10000 -10000 -10000 -10000 -10000  1 -10000 -10000 -10000 -10000 -10000
W -10000 -10000 -10000 -10000 -10000 -10000 -10000 -10000 -10000 -10000 -10000 -10000 -10000 -10000 -10000 -10000 -10000 -10000 -10000  1 -10000 -10000 -10000 -10000
Y -10000 -10000 -10000 -10000 -10000 -10000 -10000 -10000 -10000 -10000 -10000 -10000 -10000 -10000 -10000 -10000 -10000 -10000 -10000 -10000  1 -10000 -10000 -10000
V -10000 -10000 -10000 -10000 -10000 -10000 -10000 -10000 -10000 -10000 -10000 -10000 -10000 -10000 -10000 -10000 -10000 -10000 -10000 -10000 -10000  1 -10000 -10000
X -10000 -10000 -10000 -10000 -10000 -10000 -10000 -10000 -10000 -10000 -10000 -10000 -10000 -10000 -10000 -10000 -10000 -10000 -10000 -10000 -10000 -10000  0 -10000
* -10000 -10000 -10000 -10000 -10000 -10000 -10000 -10000 -10000 -10000 -10000 -10000 -10000 -10000 -10000 -10000 -10000 -10000 -10000 -10000 -10000 -10000 -10000  0
@


1.1.1.1
log
@Source re-imported to CVS
@
text
@@
