14
TACGGGCCCGCTAC
15
TAGCCCTATCGGTCA
LENGTH OF ALPHABET = 16
Length of n: 16
5 -4 -4 -4 -4 1 1 -4 -4 1 -4 -1 -1 -1 -2 -4 
-4 5 -4 -4 -4 1 -4 1 1 -4 -1 -4 -1 -1 -2 5 
-4 -4 5 -4 1 -4 1 -4 1 -4 -1 -1 -4 -1 -2 -4 
-4 -4 -4 5 1 -4 -4 1 -4 1 -1 -1 -1 -4 -2 -4 
-4 -4 1 1 -1 -4 -2 -2 -2 -2 -1 -1 -3 -3 -1 -4 
1 1 -4 -4 -4 -1 -2 -2 -2 -2 -3 -3 -1 -1 -1 1 
1 -4 1 -4 -2 -2 -1 -4 -2 -2 -3 -1 -3 -1 -1 -4 
-4 1 -4 1 -2 -2 -4 -1 -2 -2 -1 -3 -1 -3 -1 1 
-4 1 1 -4 -2 -2 -2 -2 -1 -4 -1 -3 -3 -1 -1 1 
1 -4 -4 1 -2 -2 -2 -2 -4 -1 -3 -1 -1 -3 -1 -4 
-4 -1 -1 -1 -1 -3 -3 -1 -1 -3 -1 -2 -2 -2 -1 -1 
-1 -4 -1 -1 -1 -3 -1 -3 -3 -1 -2 -1 -2 -2 -1 -4 
-1 -1 -4 -1 -3 -1 -3 -1 -3 -1 -2 -2 -1 -2 -1 -1 
-1 -1 -1 -4 -3 -1 -1 -3 -1 -3 -2 -2 -2 -1 -1 -1 
-2 -2 -2 -2 -1 -1 -1 -1 -1 -1 -1 -1 -1 -1 -1 -2 
-4 5 -4 -4 -4 1 -4 1 1 -4 -1 -4 -1 -1 -2 5 
----3----
(22)(18)(16)(20)(25)(24)(24)(24)
----3----
(0)(0)(0)(0)(0)(0)(0)(0)(0)(0)(0)(0)(0)(0)(0)(0)
(0)(5)(0)(0)(0)(0)(0)(5)(0)(5)(0)(0)(0)(5)(0)(0)
(0)(0)(10)(4)(3)(2)(1)(0)(10)(4)(3)(2)(1)(0)(1)(5)
(0)(0)(4)(6)(9)(8)(7)(1)(4)(6)(9)(3)(2)(1)(5)(0)
(0)(0)(3)(9)(3)(5)(4)(3)(3)(0)(3)(14)(8)(7)(6)(5)
(0)(0)(2)(8)(5)(1)(1)(0)(2)(0)(2)(8)(19)(13)(12)(11)
(0)(0)(1)(7)(4)(1)(0)(0)(1)(0)(1)(7)(13)(15)(9)(8)
(0)(0)(0)(1)(12)(9)(6)(4)(3)(2)(5)(6)(12)(9)(20)(14)
(0)(0)(0)(0)(6)(17)(14)(10)(9)(8)(7)(6)(11)(8)(14)(16)
(0)(0)(0)(0)(5)(11)(22)(16)(15)(14)(13)(12)(11)(10)(13)(10)
(0)(0)(0)(5)(4)(10)(16)(18)(12)(11)(10)(18)(17)(11)(12)(9)
(0)(0)(0)(0)(10)(9)(15)(12)(14)(8)(16)(12)(14)(13)(16)(10)
(0)(5)(0)(0)(4)(8)(14)(20)(14)(19)(13)(12)(11)(19)(13)(12)
(0)(0)(10)(4)(3)(7)(13)(14)(25)(19)(18)(17)(16)(15)(15)(18)
(0)(0)(4)(6)(9)(8)(12)(13)(19)(21)(24)(18)(17)(16)(20)(14)
(0)(0)(3)(4)(6)(9)(11)(12)(18)(19)(21)(24)(18)(17)(16)(20)
(0)(0)(2)(3)(4)(6)(10)(11)(17)(18)(19)(21)(24)(18)(17)(16)
TACGGGCCCGCTA
TAG---CCC--TA
Timing (ns):
fill: 1
backtrack: 42855
maxH: 25
