14
TACGGGCCCGCTAC
15
TAGCCCTATCGGTCA
LENGTH OF ALPHABET = 16
Length of n: 21
5 -4 -4 -4 -4 1 1 -4 -4 1 -4 -1 -1 -1 -2 -4 -2000 
-4 5 -4 -4 -4 1 -4 1 1 -4 -1 -4 -1 -1 -2 5 -2000 
-4 -4 5 -4 1 -4 1 -4 1 -4 -1 -1 -4 -1 -2 -4 -2000 
-4 -4 -4 5 1 -4 -4 1 -4 1 -1 -1 -1 -4 -2 -4 -2000 
-4 -4 1 1 -1 -4 -2 -2 -2 -2 -1 -1 -3 -3 -1 -4 -2000 
1 1 -4 -4 -4 -1 -2 -2 -2 -2 -3 -3 -1 -1 -1 1 -2000 
1 -4 1 -4 -2 -2 -1 -4 -2 -2 -3 -1 -3 -1 -1 -4 -2000 
-4 1 -4 1 -2 -2 -4 -1 -2 -2 -1 -3 -1 -3 -1 1 -2000 
-4 1 1 -4 -2 -2 -2 -2 -1 -4 -1 -3 -3 -1 -1 1 -2000 
1 -4 -4 1 -2 -2 -2 -2 -4 -1 -3 -1 -1 -3 -1 -4 -2000 
-4 -1 -1 -1 -1 -3 -3 -1 -1 -3 -1 -2 -2 -2 -1 -1 -2000 
-1 -4 -1 -1 -1 -3 -1 -3 -3 -1 -2 -1 -2 -2 -1 -4 -2000 
-1 -1 -4 -1 -3 -1 -3 -1 -3 -1 -2 -2 -1 -2 -1 -1 -2000 
-1 -1 -1 -4 -3 -1 -1 -3 -1 -3 -2 -2 -2 -1 -1 -1 -2000 
-2 -2 -2 -2 -1 -1 -1 -1 -1 -1 -1 -1 -1 -1 -1 -2 -2000 
-4 5 -4 -4 -4 1 -4 1 1 -4 -1 -4 -1 -1 -2 5 -2000 
-2000 -2000 -2000 -2000 -2000 -2000 -2000 -2000 -2000 -2000 -2000 -2000 -2000 -2000 -2000 -2000 -2000 
----3----
(21)(17)(15)(19)(24)(23)(20)(16)
----3----
(0)(0)(0)(0)(0)(0)(0)(0)(0)(0)(0)(0)(0)(0)(0)(0)
(0)(5)(0)(0)(0)(0)(0)(5)(0)(5)(0)(0)(0)(5)(0)(0)
(0)(0)(10)(4)(3)(2)(1)(0)(10)(4)(3)(2)(1)(0)(1)(5)
(0)(0)(3)(6)(9)(8)(7)(1)(3)(6)(9)(3)(2)(1)(5)(0)
(0)(0)(2)(8)(2)(5)(4)(3)(2)(0)(2)(14)(8)(7)(6)(5)
(0)(0)(1)(7)(4)(0)(1)(0)(1)(0)(1)(7)(19)(13)(12)(11)
(0)(0)(0)(6)(3)(0)(0)(0)(0)(0)(0)(6)(12)(15)(9)(8)
(0)(0)(0)(0)(11)(8)(5)(3)(2)(1)(5)(5)(11)(8)(20)(14)
(0)(0)(0)(0)(5)(16)(13)(9)(8)(7)(6)(5)(10)(7)(13)(16)
(0)(0)(0)(0)(5)(10)(21)(15)(14)(13)(12)(11)(10)(9)(12)(10)
(0)(0)(0)(5)(2)(9)(6)(17)(11)(10)(9)(17)(16)(10)(11)(9)
(0)(0)(0)(0)(10)(8)(14)(10)(13)(7)(15)(10)(13)(12)(15)(9)
(0)(5)(0)(0)(3)(7)(7)(19)(13)(18)(12)(11)(10)(18)(12)(11)
(0)(0)(10)(4)(3)(6)(6)(12)(24)(18)(17)(16)(15)(14)(14)(17)
(0)(0)(3)(6)(9)(8)(11)(11)(17)(20)(23)(17)(16)(15)(19)(13)
(0)(0)(2)(0)(2)(4)(4)(10)(16)(13)(16)(10)(9)(9)(12)(9)
(0)(0)(1)(0)(1)(3)(3)(9)(15)(12)(15)(9)(8)(8)(11)(8)
(0)(0)(0)(0)(0)(0)(0)(0)(0)(0)(0)(0)(0)(0)(0)(0)
(0)(0)(0)(0)(0)(0)(0)(0)(0)(0)(0)(0)(0)(0)(0)(0)
(0)(0)(0)(0)(0)(0)(0)(0)(0)(0)(0)(0)(0)(0)(0)(0)
(0)(0)(0)(0)(0)(0)(0)(0)(0)(0)(0)(0)(0)(0)(0)(0)
(0)(0)(0)(0)(0)(0)(0)(0)(0)(0)(0)(0)(0)(0)(0)(0)
TACGGGCCCGCTA
TAG---CC--CTA
Timing (ns):
fill: 0
backtrack: 8124
maxH: 24
