14
TACGGGCCCGCTAC
15
TAGCCCTATCGGTCA
LENGTH OF ALPHABET = 16
Length of n: 21
5 -4 -4 -4 -4 1 1 -4 -4 1 -4 -1 -1 -1 -2 -4 -2000 
-4 5 -4 -4 -4 1 -4 1 1 -4 -1 -4 -1 -1 -2 5 -2000 
-4 -4 5 -4 1 -4 1 -4 1 -4 -1 -1 -4 -1 -2 -4 -2000 
-4 -4 -4 5 1 -4 -4 1 -4 1 -1 -1 -1 -4 -2 -4 -2000 
-4 -4 1 1 -1 -4 -2 -2 -2 -2 -1 -1 -3 -3 -1 -4 -2000 
1 1 -4 -4 -4 -1 -2 -2 -2 -2 -3 -3 -1 -1 -1 1 -2000 
1 -4 1 -4 -2 -2 -1 -4 -2 -2 -3 -1 -3 -1 -1 -4 -2000 
-4 1 -4 1 -2 -2 -4 -1 -2 -2 -1 -3 -1 -3 -1 1 -2000 
-4 1 1 -4 -2 -2 -2 -2 -1 -4 -1 -3 -3 -1 -1 1 -2000 
1 -4 -4 1 -2 -2 -2 -2 -4 -1 -3 -1 -1 -3 -1 -4 -2000 
-4 -1 -1 -1 -1 -3 -3 -1 -1 -3 -1 -2 -2 -2 -1 -1 -2000 
-1 -4 -1 -1 -1 -3 -1 -3 -3 -1 -2 -1 -2 -2 -1 -4 -2000 
-1 -1 -4 -1 -3 -1 -3 -1 -3 -1 -2 -2 -1 -2 -1 -1 -2000 
-1 -1 -1 -4 -3 -1 -1 -3 -1 -3 -2 -2 -2 -1 -1 -1 -2000 
-2 -2 -2 -2 -1 -1 -1 -1 -1 -1 -1 -1 -1 -1 -1 -2 -2000 
-4 5 -4 -4 -4 1 -4 1 1 -4 -1 -4 -1 -1 -2 5 -2000 
-2000 -2000 -2000 -2000 -2000 -2000 -2000 -2000 -2000 -2000 -2000 -2000 -2000 -2000 -2000 -2000 -2000 
----3----
(21)(17)(15)(19)(24)(23)(20)(16)
----3----
(0)(0)(0)(0)(0)(0)(0)(0)(0)(0)(0)(0)(0)(0)(0)(0)(0)(0)(0)(0)(0)(0)
(0)(5)(0)(0)(0)(0)(0)(0)(0)(0)(0)(0)(5)(0)(0)(0)(0)(0)(0)(0)(0)(0)
(0)(0)(10)(3)(2)(1)(0)(0)(0)(0)(0)(0)(0)(10)(3)(2)(1)(0)(0)(0)(0)(0)
(0)(0)(4)(6)(8)(7)(6)(0)(0)(0)(5)(0)(0)(4)(6)(0)(0)(0)(0)(0)(0)(0)
(0)(0)(3)(9)(2)(4)(3)(11)(5)(5)(2)(10)(3)(3)(9)(2)(1)(0)(0)(0)(0)(0)
(0)(0)(2)(8)(5)(0)(0)(8)(16)(10)(9)(8)(7)(6)(8)(4)(3)(0)(0)(0)(0)(0)
(0)(0)(1)(7)(4)(1)(0)(5)(13)(21)(6)(14)(7)(6)(11)(4)(3)(0)(0)(0)(0)(0)
(0)(5)(0)(1)(3)(0)(0)(3)(9)(15)(17)(10)(19)(12)(11)(10)(9)(0)(0)(0)(0)(0)
(0)(0)(10)(3)(2)(1)(0)(2)(8)(14)(11)(13)(13)(24)(17)(16)(15)(0)(0)(0)(0)(0)
(0)(5)(4)(6)(0)(0)(0)(1)(7)(13)(10)(7)(18)(18)(20)(13)(12)(0)(0)(0)(0)(0)
(0)(0)(3)(9)(2)(1)(0)(5)(6)(12)(9)(15)(12)(17)(23)(16)(15)(0)(0)(0)(0)(0)
(0)(0)(2)(3)(14)(7)(6)(5)(5)(11)(17)(10)(11)(16)(17)(10)(9)(0)(0)(0)(0)(0)
(0)(0)(1)(2)(8)(19)(12)(11)(10)(10)(16)(13)(10)(15)(16)(9)(8)(0)(0)(0)(0)(0)
(0)(5)(0)(1)(7)(13)(15)(8)(7)(9)(10)(12)(18)(14)(15)(9)(8)(0)(0)(0)(0)(0)
(0)(0)(1)(5)(6)(12)(9)(20)(13)(12)(11)(15)(12)(14)(19)(12)(11)(0)(0)(0)(0)(0)
(0)(0)(5)(0)(5)(11)(8)(14)(16)(10)(9)(9)(11)(17)(13)(9)(8)(0)(0)(0)(0)(0)
ATC--CC---GAT
ATCGCCCGGGCAT
Timing (ns):
fill: 323560
backtrack: 6890
